run,I00,I01,I10,I11
1,1.272691e-11,1.017805e-05,2.045118e-05,3.087359e-05
2,1.281772e-11,9.380605e-06,1.889715e-05,2.821675e-05
3,1.280254e-11,9.470161e-06,1.931404e-05,2.880709e-05
4,1.277407e-11,9.851169e-06,1.927050e-05,2.889595e-05
5,1.271756e-11,9.675910e-06,1.923132e-05,2.906323e-05
6,1.291103e-11,9.543588e-06,1.966144e-05,2.963717e-05
7,1.301548e-11,1.023708e-05,2.071873e-05,3.065910e-05
8,1.273423e-11,9.590237e-06,1.964274e-05,2.933107e-05
9,1.288008e-11,9.511263e-06,1.941758e-05,2.910691e-05
10,1.304682e-11,9.879939e-06,1.978898e-05,2.958734e-05
11,1.311022e-11,1.039286e-05,1.999654e-05,3.005297e-05
12,1.284408e-11,9.662495e-06,1.985054e-05,2.963200e-05
13,1.283047e-11,1.049235e-05,2.075633e-05,3.091961e-05
14,1.291747e-11,1.021088e-05,2.044327e-05,3.044243e-05
15,1.277000e-11,1.011895e-05,2.023928e-05,3.031006e-05
16,1.279266e-11,1.004559e-05,1.942003e-05,2.898092e-05
17,1.288459e-11,1.041320e-05,2.043332e-05,3.084553e-05
18,1.320656e-11,9.659681e-06,1.946648e-05,2.914939e-05
19,1.275184e-11,9.726633e-06,1.957799e-05,2.992588e-05
20,1.280999e-11,1.081315e-05,2.054414e-05,3.045642e-05
21,1.277191e-11,9.256384e-06,1.885886e-05,2.892022e-05
22,1.290904e-11,1.038533e-05,2.106006e-05,3.102612e-05
23,1.276662e-11,9.746156e-06,2.026091e-05,3.023777e-05
24,1.299769e-11,9.650698e-06,1.883128e-05,2.884858e-05
25,1.288563e-11,9.397040e-06,1.914377e-05,2.891793e-05
26,1.295432e-11,9.794459e-06,1.980597e-05,2.965780e-05
27,1.282051e-11,9.918080e-06,1.994132e-05,2.981242e-05
28,1.284306e-11,9.688333e-06,1.948090e-05,2.914251e-05
29,1.272099e-11,1.022392e-05,2.001996e-05,3.039681e-05
30,1.284526e-11,1.000583e-05,1.980620e-05,3.007801e-05
31,1.272936e-11,1.009863e-05,2.031684e-05,3.031250e-05
32,1.320483e-11,1.012937e-05,2.072445e-05,3.090823e-05
33,1.282705e-11,1.034188e-05,2.031724e-05,3.006802e-05
34,1.280670e-11,1.039793e-05,1.995729e-05,3.032076e-05
35,1.281563e-11,9.822279e-06,1.933187e-05,2.901915e-05
36,1.275882e-11,1.039268e-05,2.071160e-05,3.126853e-05
37,1.288837e-11,1.076158e-05,2.133859e-05,3.185863e-05
38,1.278089e-11,9.982935e-06,1.994973e-05,2.994296e-05
39,1.298852e-11,9.998203e-06,1.947946e-05,2.932985e-05
40,1.271255e-11,1.002179e-05,1.984498e-05,2.970005e-05
41,1.270231e-11,9.811380e-06,1.959773e-05,2.999728e-05
42,1.280198e-11,9.965765e-06,1.976766e-05,2.910555e-05
43,1.279792e-11,1.040397e-05,2.085013e-05,3.051194e-05
44,1.283978e-11,9.659699e-06,1.960829e-05,2.912803e-05
45,1.309559e-11,9.889042e-06,1.986019e-05,3.040659e-05
46,1.281441e-11,1.042623e-05,2.022840e-05,3.034260e-05
47,1.291531e-11,9.810317e-06,1.983451e-05,2.999919e-05
48,1.292042e-11,9.326096e-06,1.855845e-05,2.765395e-05
49,1.284695e-11,9.955462e-06,1.954965e-05,2.900581e-05
50,1.288048e-11,9.655458e-06,1.917075e-05,2.876665e-05
51,1.287627e-11,9.162582e-06,1.956588e-05,2.902884e-05
52,1.271003e-11,1.027196e-05,2.035144e-05,3.048921e-05
53,1.300050e-11,9.990741e-06,2.034236e-05,3.063151e-05
54,1.267427e-11,1.048719e-05,2.104719e-05,3.182885e-05
55,1.277391e-11,1.001267e-05,2.017042e-05,3.035318e-05
56,1.285091e-11,9.140375e-06,1.925934e-05,2.891692e-05
57,1.289694e-11,1.022186e-05,2.021124e-05,2.979756e-05
58,1.290132e-11,9.537550e-06,1.966194e-05,2.924258e-05
59,1.268786e-11,9.650665e-06,1.903799e-05,2.918198e-05
60,1.283490e-11,9.681871e-06,1.921854e-05,2.913089e-05
61,1.292089e-11,1.000282e-05,2.007046e-05,3.078599e-05
62,1.279987e-11,9.777367e-06,1.957018e-05,2.972966e-05
63,1.283131e-11,1.037462e-05,2.102464e-05,3.115995e-05
64,1.274332e-11,1.036788e-05,2.028642e-05,2.997158e-05
65,1.267703e-11,1.035928e-05,2.009080e-05,3.005901e-05
66,1.290829e-11,1.016045e-05,2.059299e-05,3.034087e-05
67,1.284662e-11,9.942078e-06,1.990257e-05,2.984810e-05
68,1.291109e-11,9.556230e-06,1.925687e-05,2.883223e-05
69,1.267532e-11,1.014282e-05,2.016282e-05,3.038686e-05
70,1.273709e-11,9.938573e-06,1.967764e-05,2.955524e-05
71,1.302122e-11,9.728291e-06,1.956823e-05,2.950223e-05
72,1.277079e-11,1.030358e-05,1.997145e-05,2.948646e-05
73,1.280266e-11,9.759991e-06,1.958624e-05,2.906520e-05
74,1.291995e-11,9.635897e-06,1.961740e-05,2.901975e-05
75,1.278389e-11,9.853974e-06,1.943880e-05,2.907716e-05
76,1.286996e-11,9.404552e-06,1.932556e-05,2.880265e-05
77,1.315513e-11,9.270730e-06,1.883916e-05,2.840666e-05
78,1.288611e-11,9.818975e-06,1.983024e-05,2.984276e-05
79,1.271078e-11,1.020332e-05,2.015088e-05,2.995197e-05
80,1.284539e-11,9.190412e-06,1.879228e-05,2.846601e-05
81,1.288786e-11,1.024560e-05,1.986822e-05,2.985898e-05
82,1.295965e-11,1.035811e-05,1.995913e-05,2.972176e-05
83,1.357745e-11,9.594592e-06,1.949927e-05,2.946076e-05
84,1.306286e-11,9.812129e-06,1.964541e-05,2.976301e-05
85,1.293155e-11,9.914254e-06,2.012450e-05,2.974625e-05
86,1.321137e-11,1.021817e-05,1.991525e-05,2.973144e-05
87,1.300702e-11,9.622053e-06,1.952693e-05,2.959334e-05
88,1.286567e-11,9.655176e-06,1.996097e-05,2.988500e-05
89,1.271522e-11,9.910325e-06,1.999348e-05,2.986650e-05
90,1.305046e-11,1.005048e-05,1.949108e-05,2.953773e-05
91,1.277779e-11,9.682323e-06,1.961398e-05,2.926692e-05
92,1.271183e-11,1.011118e-05,2.028642e-05,2.990651e-05
93,1.343325e-11,9.223025e-06,1.863661e-05,2.789947e-05
94,1.271236e-11,9.565820e-06,1.908015e-05,2.851988e-05
95,1.283408e-11,9.945934e-06,1.956646e-05,2.942677e-05
96,1.292006e-11,9.770148e-06,1.976621e-05,2.912920e-05
97,1.281269e-11,1.005589e-05,2.004245e-05,2.972662e-05
98,1.299218e-11,9.693682e-06,1.943509e-05,2.949459e-05
99,1.272724e-11,9.858069e-06,1.943991e-05,2.910247e-05
100,1.307568e-11,1.057810e-05,2.064785e-05,3.061036e-05
101,1.307061e-11,1.004225e-05,1.998302e-05,2.982472e-05
102,1.275770e-11,1.038093e-05,2.041918e-05,3.028621e-05
103,1.306982e-11,9.784934e-06,1.984445e-05,2.965263e-05
104,1.300669e-11,9.607688e-06,1.983237e-05,2.986762e-05
105,1.278582e-11,9.474760e-06,1.892383e-05,2.854725e-05
106,1.307573e-11,1.033809e-05,2.000687e-05,2.989401e-05
107,1.273157e-11,9.825292e-06,1.945007e-05,2.933066e-05
108,1.272494e-11,1.001784e-05,2.029999e-05,2.965112e-05
109,1.288461e-11,1.013742e-05,1.937395e-05,2.943171e-05
110,1.275399e-11,9.008701e-06,1.888610e-05,2.868070e-05
111,1.282264e-11,9.502259e-06,1.941226e-05,2.914876e-05
112,1.289923e-11,1.033838e-05,2.019886e-05,3.037174e-05
113,1.296976e-11,9.937940e-06,1.953086e-05,2.959257e-05
114,1.319041e-11,1.004635e-05,2.005151e-05,2.994074e-05
115,1.287742e-11,9.842276e-06,2.025670e-05,3.041778e-05
116,1.279275e-11,9.469942e-06,1.870935e-05,2.835192e-05
117,1.272190e-11,9.664401e-06,1.965837e-05,2.957443e-05
118,1.325463e-11,9.430900e-06,1.918758e-05,2.910184e-05
119,1.286694e-11,9.627283e-06,1.932502e-05,2.910314e-05
120,1.300420e-11,1.031381e-05,2.090447e-05,3.085324e-05
121,1.284267e-11,9.886044e-06,2.004162e-05,2.986551e-05
122,1.280889e-11,9.943874e-06,1.928997e-05,2.907669e-05
123,1.273616e-11,9.906545e-06,1.980926e-05,2.954610e-05
124,1.305717e-11,1.019774e-05,2.063312e-05,3.104682e-05
125,1.279234e-11,1.019524e-05,2.053792e-05,3.070340e-05
126,1.291563e-11,9.571880e-06,1.918507e-05,2.869750e-05
127,1.278185e-11,9.639770e-06,1.909443e-05,2.876863e-05
128,1.281873e-11,1.072119e-05,2.123356e-05,3.152534e-05
129,1.296288e-11,9.862503e-06,1.953333e-05,2.898172e-05
130,1.275424e-11,9.570887e-06,1.905934e-05,2.888805e-05
131,1.272774e-11,9.606008e-06,1.943090e-05,2.943550e-05
132,1.349446e-11,9.832966e-06,1.931173e-05,2.917212e-05
133,1.273069e-11,1.027495e-05,2.045540e-05,3.038066e-05
134,1.288307e-11,9.903040e-06,1.995544e-05,3.011527e-05
135,1.273267e-11,9.924873e-06,1.994158e-05,2.953907e-05
136,1.291225e-11,1.019858e-05,1.999512e-05,2.964219e-05
137,1.274003e-11,9.979830e-06,2.022124e-05,2.980614e-05
138,1.276365e-11,9.955941e-06,1.959305e-05,2.940321e-05
139,1.278688e-11,9.659269e-06,1.941782e-05,2.935536e-05
140,1.308587e-11,9.789216e-06,1.983426e-05,2.952282e-05
141,1.310376e-11,9.351865e-06,1.944852e-05,2.954131e-05
142,1.302874e-11,1.005906e-05,2.000069e-05,2.994319e-05
143,1.282686e-11,1.026249e-05,2.025034e-05,3.047879e-05
144,1.274255e-11,9.987991e-06,1.936636e-05,2.910646e-05
145,1.321142e-11,9.903278e-06,1.962320e-05,2.981089e-05
146,1.274640e-11,9.699034e-06,1.921090e-05,2.885442e-05
147,1.266456e-11,9.932129e-06,1.966293e-05,2.938872e-05
148,1.291588e-11,9.950198e-06,2.039693e-05,3.086155e-05
149,1.283031e-11,9.714687e-06,1.935832e-05,2.898728e-05
150,1.281580e-11,9.979842e-06,2.001251e-05,2.997951e-05
151,1.279936e-11,9.848691e-06,1.964241e-05,2.955297e-05
152,1.280204e-11,1.001494e-05,2.012183e-05,3.008114e-05
153,1.293057e-11,1.007337e-05,2.004889e-05,2.987144e-05
154,1.284071e-11,1.034309e-05,2.056486e-05,3.107774e-05
155,1.281734e-11,1.005466e-05,2.023380e-05,3.042367e-05
156,1.295077e-11,9.966725e-06,1.938752e-05,2.935163e-05
157,1.271000e-11,9.942630e-06,2.013082e-05,3.031922e-05
158,1.274474e-11,1.071401e-05,2.127109e-05,3.126404e-05
159,1.292587e-11,9.739669e-06,1.943738e-05,2.927527e-05
160,1.273324e-11,9.499469e-06,1.943789e-05,2.987623e-05
161,1.282867e-11,9.923663e-06,2.005489e-05,2.995359e-05
162,1.280540e-11,1.013792e-05,2.045402e-05,3.031399e-05
163,1.269057e-11,9.734426e-06,1.938490e-05,2.899543e-05
164,1.290061e-11,1.042470e-05,2.053616e-05,3.060376e-05
165,1.281979e-11,9.567644e-06,1.966641e-05,2.989050e-05
166,1.290709e-11,1.016766e-05,2.020290e-05,3.077750e-05
167,1.290763e-11,1.041227e-05,2.061095e-05,3.056595e-05
168,1.307123e-11,1.011926e-05,1.996284e-05,2.959781e-05
169,1.295280e-11,1.046821e-05,2.137085e-05,3.133726e-05
170,1.313107e-11,9.725595e-06,1.932854e-05,2.890634e-05
171,1.291499e-11,9.827415e-06,1.942430e-05,2.884639e-05
172,1.284839e-11,1.069984e-05,2.124004e-05,3.158416e-05
173,1.277499e-11,9.634223e-06,1.927259e-05,2.957905e-05
174,1.281071e-11,1.036475e-05,2.063582e-05,3.043899e-05
175,1.284497e-11,1.002977e-05,1.929741e-05,2.871785e-05
176,1.285491e-11,9.833455e-06,1.929506e-05,2.962447e-05
177,1.276291e-11,1.017627e-05,1.990729e-05,2.967953e-05
178,1.292272e-11,9.576255e-06,1.908664e-05,2.859825e-05
179,1.289008e-11,1.024928e-05,2.054199e-05,3.110309e-05
180,1.327903e-11,1.025088e-05,2.023444e-05,2.984005e-05
181,1.277824e-11,1.049681e-05,2.030297e-05,3.040791e-05
182,1.285054e-11,9.930274e-06,2.026206e-05,3.094139e-05
183,1.273224e-11,1.004607e-05,2.033395e-05,3.045977e-05
184,1.274325e-11,9.313626e-06,1.890668e-05,2.871672e-05
185,1.270776e-11,9.601469e-06,1.970788e-05,2.961244e-05
186,1.290213e-11,9.795568e-06,1.984757e-05,2.951597e-05
187,1.271337e-11,9.595621e-06,1.957327e-05,2.902884e-05
188,1.271610e-11,9.963981e-06,1.961663e-05,2.916184e-05
189,1.271010e-11,9.924537e-06,2.015989e-05,2.999370e-05
190,1.276053e-11,1.015650e-05,2.008125e-05,3.014968e-05
191,1.315781e-11,9.751854e-06,1.996358e-05,2.994953e-05
192,1.278222e-11,1.059876e-05,1.997709e-05,3.015334e-05
193,1.269287e-11,1.007359e-05,2.004878e-05,3.019506e-05
194,1.288352e-11,9.372175e-06,1.883119e-05,2.788831e-05
195,1.285391e-11,9.774265e-06,1.974890e-05,2.964762e-05
196,1.287292e-11,9.380985e-06,1.908678e-05,2.890520e-05
197,1.284824e-11,1.001444e-05,1.991911e-05,2.988792e-05
198,1.284055e-11,9.898088e-06,2.015024e-05,2.993250e-05
199,1.290046e-11,9.872502e-06,1.985997e-05,2.964531e-05
200,1.277153e-11,9.789555e-06,1.920287e-05,2.934375e-05
